0,1,2,3,4
0.007732780284503845,0.16678626103239835,0.41870187500985395,0.35848542542366346,0.048293658249580686
0.0018705522202193325,0.08654343850089777,0.521129182900537,0.36672258458417006,0.02373424179417577
0.0034424995996578723,0.0445415762235664,0.4505549414958518,0.42229106470438965,0.07916991797653415
0.0028416521966114455,0.26488286559432633,0.3938330149645192,0.265015459414292,0.07342700783025123
0.005154596574311617,0.0029069147335249114,0.099505664814387,0.47289074565671646,0.4195420782210601
0.011351723477335046,0.06469351736791774,0.43917325167450433,0.4488560356103486,0.03592547186989442
0.002576895261674952,0.3303978070844813,0.5643455029061549,0.09150905136762331,0.011170743380065825
0.009323103001122619,0.03603598366163631,0.15310444500977619,0.6437833669745621,0.15775310135290313
0.01386014021908355,0.1575404829339938,0.40891607509004235,0.3912462311478959,0.02843707060898392
0.0005536131282659299,0.8347434334058187,0.1447606757570268,0.016447826881034504,0.0034944508278541477
0.006376769837571937,0.1461328717885189,0.3493713292500287,0.4395921626787717,0.05852686644510837
0.005364917859953992,0.14697804432248276,0.5306056071486176,0.2721379710609181,0.04491345960802748
0.0028606804596431968,0.7797294377108784,0.21352001351461605,0.0033536573896959395,0.0005362109251663307
0.014768973399425393,0.010658971572330955,0.16996355655920684,0.4395098505380418,0.36509864793099495
0.8772627480769061,0.025988417692511475,0.029046807453564565,0.034026486609895705,0.03367554016712234
0.005217254863705328,0.004456698595049181,0.02150470548592768,0.1706897908895541,0.7981315501657639
0.0018824321780437996,0.16766968301478813,0.7788704161622064,0.049068276147140974,0.0025091924978203834
0.02089329732164481,0.13831042323617737,0.6662839851198818,0.14803553959498877,0.026476754727307615
0.001494402693756917,0.687758164975919,0.26490116999433855,0.04335161084088848,0.0024946514950968165
0.03880277494877071,0.16420604310169126,0.6793728321420865,0.08903749984886145,0.02858084995859004
0.00915723599825311,0.26680705215277273,0.5353835621480841,0.16179426304899597,0.026857886651894276
0.0026690536911380207,0.002576742803335337,0.05751332543115994,0.6225115881413787,0.3147292899329881
0.06752330059539766,0.07603946441316778,0.10953497317143285,0.6421121860606377,0.10479007575936446
0.009449746053478567,0.017922769274041243,0.2984100377041888,0.615086904151423,0.059130542816868366
0.003472449835439222,0.00795114262759741,0.1448693553165186,0.6905874776302586,0.1531195745901861
0.0051265144714090684,0.15789525375138705,0.7113104179880265,0.10885379323773112,0.016814020551446367
0.003392829791680374,0.004625281251452613,0.020531096045119965,0.21278107928230225,0.7586697136294447
0.007279321925125126,0.006995467006902351,0.05160705890647524,0.4190917853226686,0.5150263668388289
0.002140529822034191,0.19926947443089307,0.6082589281373366,0.1775898185961468,0.012741249013589194
0.0160523716708325,0.7896113337364612,0.1600801908179195,0.02909595893335212,0.005160144841434887
0.0008745511088547283,0.48569093781157036,0.5075848072712377,0.00562671107210105,0.00022299273623645782
0.001660504037156522,0.06995370731855191,0.7844016639570645,0.13183066923929682,0.012153455447930478
0.0025510966991023815,0.002658532105251105,0.01995641560156565,0.1873527093573203,0.7874812462367609
0.008250566636483957,0.08861553410571801,0.6291082245413074,0.23880147969073157,0.03522419502575897
0.01919594489240788,0.7952886516259151,0.16471601009985018,0.017238784897772842,0.0035606084840541083
0.009300815736013927,0.01482434600463115,0.12907311017410603,0.6867051462510069,0.16009658183424208
0.02544614423163846,0.02989026823903963,0.0711932599685192,0.153614590712402,0.7198557368484007
0.006631643171807252,0.10110815054094506,0.4681797358015263,0.3819072577481943,0.042173212737527235
0.029085024444248635,0.11078605527936225,0.4767561515988685,0.3253269696101324,0.05804579906738801
0.0014738429615361063,0.03591926175526798,0.630151729553922,0.2818402673900635,0.05061489833921011
0.002321728709904516,0.0006917079151325195,0.003137934496679566,0.4907919097947789,0.5030567190835049
0.0015023631847249955,0.004197954249137488,0.08653124268399681,0.44423902302865514,0.4635294168534856
0.0009426969793711651,0.0008505155801928876,0.021653258881990593,0.23680183439596125,0.7397516941624842
0.0034065003699382417,0.0008189234832230724,0.03974925256789268,0.27990781703096435,0.6761175065479815
0.0019589404059217348,0.1406992230374426,0.6950804240468418,0.15654082661393218,0.005720585895861757
0.003888522189669962,0.01752689026832525,0.052138953476458375,0.37184878155796447,0.5545968525075823
0.0022471247451069736,0.6412963416196311,0.3431385542403082,0.012697528079784581,0.0006204513151689383
0.024390069885673243,0.055425261226383304,0.6525342765996152,0.1989915578012478,0.06865883448708089
0.005933959367939623,0.015175917665263544,0.18508413967505105,0.5753920962919672,0.21841388699977823
0.00506793514194317,0.028455428677985485,0.6210419161694395,0.3023196064724711,0.04311511353816083
0.0020542726873788645,0.005225333111818614,0.06903453595182384,0.7260950196698345,0.1975908385791441
0.007657092701139844,0.003173908464369017,0.029289089758134126,0.1701174472099322,0.7897624618664251
0.01014987171366498,0.14949813399879178,0.5505939572119289,0.1991512793432768,0.09060675773233771
0.0025415984015052006,0.0016795789182640704,0.0254279210857295,0.3646020544533451,0.6057488471411564
0.015604132775803905,0.011941885738063986,0.05357862258138067,0.2256054127667828,0.6932699461379689
0.0039057256184269803,0.0018212522341665817,0.006659828850092496,0.1714101591563712,0.8162030341409425
0.0057606533690747795,0.013397608748331525,0.13000373876253735,0.8023366390263709,0.04850136009368533
0.031012693122631177,0.06607214437688232,0.17222765035170742,0.37552273554958615,0.35516477659919254
0.000806819796455867,0.8369998811449081,0.1418086515758007,0.018125865953738322,0.002258781529097153
0.00046481793231811634,0.930318709071374,0.06714208742104032,0.0019117885636537049,0.00016259701161397787
0.0012589219443725572,0.0035618461818803493,0.13411317478384102,0.70498862387281,0.1560774332170961
0.013248305164693512,0.6202092413581447,0.24424577980340667,0.07262979810242384,0.04966687557133106
0.0015182540868542945,0.20578328261428278,0.7492050643531877,0.03931721769739452,0.0041761812482805395
0.008170611068783876,0.8076092252619601,0.16619590942953538,0.015056820824618431,0.0029674334151025042
0.0005758781639870051,0.685491623372864,0.2999944588846146,0.010976111265072856,0.002961928313461437
0.0007835801105277309,0.6854307503885843,0.30566851381092036,0.007634415951168355,0.0004827397387994853
0.000736770935477024,0.0004799509497981412,0.010759726903499535,0.3379455774327099,0.6500779737785153
0.0003087900686896173,0.1417228510267476,0.6335120641062235,0.21219156086542507,0.01226473393291429
0.004075601696385189,0.08562850916620439,0.40603129267821714,0.4772261362354542,0.027038460223738608
0.008507557714995466,0.006792305646594635,0.06385199527854522,0.34897831741406693,0.5718698239457982
0.00646243584027765,0.0042706719597021305,0.007576242341664101,0.272880384932763,0.7088102649255932
0.002140254944670307,0.014182340962318525,0.16183196104164568,0.7082855408479527,0.11355990220341274
0.0014791943924088696,0.0005035918233256741,0.051753233663311145,0.7736274659115244,0.17263651420942958
0.01091867771881583,0.09787348563424725,0.414119282244266,0.4347587821492883,0.042329772253382546
0.012942791454009561,0.27272316925960355,0.5721177079368072,0.10452873324682896,0.03768759810275077
0.008847261369378589,0.33213186775581927,0.4188453312893254,0.22411805287854036,0.016057486706936377
0.0005834658825686639,0.35902812890928365,0.5467498726644432,0.08913869922451445,0.004499833319190158
0.0013452569931239119,0.8212420702023738,0.16801135018454047,0.008505597294335698,0.0008957253256262611
0.010582183950569122,0.023368860218855696,0.26403073476057815,0.5671999898850228,0.1348182311849744
0.013383418277812099,0.1890723772966551,0.38152032532138264,0.39570052737233613,0.020323351731814283
0.0007560387086147792,0.8172478741140907,0.1668476725797812,0.0120577370078334,0.003090677589679876
0.0007900358051633434,0.8775953923188794,0.11798964847050965,0.0033248869437378756,0.00030003646170943213
0.002906017337337654,0.06712715817150686,0.42285195712240603,0.4834315639135457,0.023683303455203832
0.00801606786658324,0.2816839314341385,0.589427578666158,0.11163260915084115,0.009239812882279255
0.0029604925130991473,0.03766935649805082,0.34592371857365484,0.5546068300274913,0.05883960238770393
0.002294149866327855,0.004191024757677937,0.1443764436971651,0.7936028018223938,0.05553557985643535
0.0010121025969469788,0.0017062265505913387,0.08463458671372613,0.5402164312341202,0.3724306529046153
0.0006779929557002333,0.8832002989325646,0.11048080429466538,0.004797604160982009,0.0008432996560880128
0.04680721480292504,0.005552273460325833,0.1333073725705669,0.6766945432115568,0.13763859595462577
0.0003970749861840679,0.6968815119562407,0.3001022262137595,0.0024006417365269083,0.00021854510728873562
0.00948715749613952,0.7629928996167614,0.16184381906791848,0.05496396162257837,0.010712162196602364
0.0004416808573679051,0.26953750213563243,0.6900031913488072,0.03901080248571036,0.0010068231724819291
0.862179336858222,0.0019941614525237164,0.01663201802450334,0.09258767371648821,0.026606809948262384
0.00042898990512925834,0.8153175031380661,0.1726041226644519,0.009895076753965691,0.001754307538387054
0.000736484786871015,0.77807134291416,0.17879576612773274,0.03716448162567194,0.005231924545564212
0.00643722031642345,0.12151429181984841,0.6497041399421691,0.1995450073266021,0.022799340594957206
0.0011737442793688282,0.7940548571923604,0.19078385615404844,0.012542417144841184,0.001445125229381124
0.006014455227224473,0.8400720747402338,0.14290829200176597,0.009698959151531432,0.001306218879244004
0.011961300238275381,0.007198488634468658,0.018750015980944158,0.30344930690178995,0.658640888244522
0.03514400669361009,0.04761581088606827,0.33543541778444064,0.3505506334133737,0.23125413122250718
0.03147760009068596,0.02531848769899793,0.05340048976477659,0.15836824609527836,0.7314351763502609
0.0017960845941378772,0.8409425396973929,0.14726713263155705,0.008617603513521088,0.0013766395633911708
0.0072340450712826375,0.052602946591588005,0.34934517509187496,0.530241117234019,0.060576716011235376
0.0076121208720982235,0.1534076081130651,0.6876059838198324,0.1379042425797098,0.013470044615294297
0.0021156001279894576,0.25194450467058205,0.6847148336102717,0.05752411316508511,0.0037009484260713704
0.020594941762267643,0.07871475094251958,0.627554026405229,0.1988739428962475,0.07426233799373642
0.0015229688264131428,0.8137005879589907,0.166794893040559,0.015372969678339773,0.0026085804956972746
0.0016829977685680732,0.13532684005751372,0.6330067893872635,0.21970270674033565,0.010280666046319241
0.003912911448732593,0.005794025658904031,0.1088044965285624,0.7334809180769034,0.14800764828689755
0.010853519036440053,0.00450291655619662,0.028602882686144894,0.16692979608540584,0.7891108856358126
0.003933839881043067,0.28562435397995345,0.5083849814327143,0.17641859533915166,0.02563822936713785
0.007137132870464045,0.7482374818545726,0.20326672205018143,0.03643698005757016,0.004921683167211579
0.4836993116736976,0.012065650820880831,0.05631796576336124,0.35896394801701753,0.08895312372504306
0.0009884419684316156,0.816349758351971,0.16718289452033158,0.014233570158099364,0.0012453350011664116
0.007876611897330929,0.38853377792254373,0.47991429690630677,0.08565246143949296,0.038022851834325286
0.002966487898483478,0.7618180567349817,0.19630959832242662,0.027915264064889415,0.010990592979218953
0.0254619059943852,0.37135383813450407,0.489903752560639,0.10441400180346719,0.00886650150700438
0.0030320877395944926,0.18265691454372507,0.6547265873459963,0.12521080085798858,0.034373609512695455
0.00442735643518987,0.14693562117994458,0.6853465484429595,0.13553390142473543,0.027756572517170463
0.0017155862566793963,0.001744835115810557,0.07647363183236806,0.8001411072516126,0.11992483954352923
0.00750199794448273,0.24760645508714868,0.6353230683030859,0.09280712690998572,0.01676135175529697
0.006727094653095414,0.07271221261739629,0.3265922690124627,0.5015209786865867,0.0924474450304588
0.0011509894386208428,0.16049656607665044,0.7517778313762389,0.07675105230060413,0.00982356080788532
0.00026346022863874767,0.6871122278769001,0.30987879615449876,0.0026274381427839207,0.00011807759717886405
0.5731063379980211,0.0074114470785135046,0.009417060410552855,0.07101827024929055,0.3390468842636222
0.03386502046555731,0.7119464289074723,0.1375083317423308,0.06539626895767582,0.05128394992696407
0.021938606400118514,0.005687500304138643,0.1895843052697124,0.6769660209272905,0.10582356709873984
0.006198423967820855,0.043011609435323526,0.27774126126194737,0.638365594698524,0.034683110636384275
0.02100340540396073,0.07137872443250673,0.11843011035243521,0.630401788813862,0.15878597099723551
0.003647902138873999,0.00045726417433244895,0.010624056960071142,0.1797078544136665,0.8055629223130564
0.0017070233488052815,0.6708288476515172,0.27127684283762743,0.04829154117548002,0.007895744986570356
0.0011870862674018988,0.0009829162409061825,0.04722232472742991,0.3345864857732275,0.6160211869910345
0.004556748511065787,0.06863242114900246,0.5003639929644124,0.4172679702204305,0.009178867155088716
0.006179090904218037,0.0022776938685892187,0.034239874418643956,0.610356948782231,0.34694639202631783
0.0006718231775421942,0.8562585124318934,0.1336615459341146,0.00859136637195499,0.0008167520844947164
0.0025052807635624055,0.4958972657357614,0.39886055985290964,0.09454627442385106,0.008190619223915542
0.014896471530523332,0.3597433409393045,0.5967962420025603,0.025609377941758958,0.0029545675858530045
0.004439613451793296,0.017891749025754165,0.2433354166414858,0.6605795963356405,0.07375362454532641
0.001126901033956381,0.1449705663999442,0.7102270007367035,0.1363266373930769,0.00734889443631911
0.024997866843123343,0.03177027865507696,0.12026602496175844,0.22001102000467515,0.6029548095353662
0.00013253353037691751,0.9009841160442856,0.09674837431890193,0.002044540901863694,9.0435204572086e-05
0.004683312871829696,0.0019234253089353908,0.04243087678629146,0.5953786487117726,0.3555837363211712
0.004865685807060142,0.07570023475495827,0.27342164842562044,0.5393704507386377,0.10664198027372417
0.006371075668341748,0.5674055868280187,0.35286027569970874,0.06039391466978419,0.012969147134146534
0.005045100486465699,0.2065060687424609,0.6737411232125426,0.11084172997011688,0.0038659775884139496
0.007947602128679626,0.19348077222916274,0.33223810690589367,0.26241138624788707,0.20392213248837696
0.01304602381330287,0.19020716980528166,0.5844352081525969,0.19463805933016753,0.01767353889865065
0.003605664042384702,0.0008064252691624202,0.011079190017029662,0.35153811116684935,0.632970609504574
0.0007054063072150352,0.9443581795724801,0.05407732133584204,0.0007500945306997384,0.00010899825376338914
0.000980919302077247,0.8765910504833881,0.11558193002089472,0.006670253118824023,0.00017584707481568983
0.007964422351808408,0.4256304009245741,0.5385841280498063,0.02466795028093437,0.0031530983928766613
0.00047826090516923036,0.13897789304671287,0.6877182190710811,0.15429420850766418,0.0185314184693729
0.0600534110034186,0.07355717122230464,0.5041226209634352,0.19244511801865904,0.16982167879218277
0.004666056819280257,0.005228609128901194,0.06204040344468815,0.7248860237138033,0.20317890689332724
0.0025152140367625596,0.002984712937197878,0.019985103557931184,0.15574850448392785,0.8187664649841806
0.0005997270634594301,0.0001411651199430508,0.0016143524415822533,0.0559205032896655,0.9417242520853495
0.0034115690865601394,0.06684657399889153,0.4750128853892282,0.43763172914769766,0.017097242377622227
0.010422178411984126,0.001149459872510821,0.012565613988142611,0.17198551546878088,0.8038772322585814
0.007678708449511474,0.19255271385049047,0.7162934413310352,0.0585980629632526,0.02487707340571028
0.014099912226616985,0.002449646287581853,0.0240835721083697,0.49937857045574313,0.45998829892168785
0.0022796097708205646,0.0005937492170115703,0.0017734233846368663,0.046148131684454245,0.949205085943077
0.018195785919114176,0.4803156444379384,0.22868832950640788,0.24569269347773368,0.02710754665880621
0.0064697856953342524,0.006257554997056364,0.19615979528301433,0.6282999686501572,0.16281289537443788
0.008238191476338164,0.2861338052985238,0.5608826260376284,0.12232837059141674,0.02241700659609276
0.006197435431721948,0.6006512018664848,0.36169583323638577,0.02809385001359003,0.0033616794518174877
0.0010670232667290731,0.824133047916566,0.16853379443467165,0.006047963024656637,0.00021817135737626424
0.004713487873280191,0.008126600688630834,0.07858937566472025,0.7177144783273469,0.19085605744602172
0.00038245867424932664,0.8003825441428662,0.18159030740892473,0.016299547661356335,0.0013451421126034534
0.0028498397403660014,0.0009712567415863801,0.007622346726908934,0.1736489832664895,0.8149075735246496
0.001973248820681106,0.001687096247081376,0.086172539780861,0.8056459599979336,0.10452115515344286
0.0011024592069803195,0.3929955782337245,0.5220123001860641,0.08070516478167439,0.0031844975915569103
0.004709769448993899,0.01388408459722535,0.3414139861336407,0.42100988587886395,0.21898227394127642
0.0015443682117342265,0.0004350725363826428,0.008580370246271018,0.4564144931996389,0.5330256958059735
0.0009016139114546572,0.7424190750015675,0.2360645845257015,0.018915185522001672,0.0016995410392748331
0.016338545097546543,0.013183429545065817,0.023937078262218473,0.16802333694635305,0.7785176101488164
0.008485247917544257,0.2037629209935016,0.61403987661534,0.1451078909542589,0.028604063519355197
0.01855980508806945,0.02025134840429438,0.3908856178244648,0.5336614929359202,0.03664173574725086
0.004041654041403104,0.05037657101733531,0.5508304906366726,0.31865450103876036,0.07609678326582854
0.012817118092965886,0.042124155897160794,0.1304510390879091,0.6265608909856375,0.1880467959363266
0.00515648271706431,0.0089211671087604,0.12686939703025912,0.707254329154447,0.1517986239894691
0.008639081392264537,0.016296898232774307,0.04771181196185295,0.16758572585544282,0.7597664825576652
0.0020729718900457544,0.8175434710168249,0.16725835193417488,0.012165429558301917,0.0009597756006525977
0.010199473127965904,0.0056306003058466045,0.1601679936160553,0.7606170678284451,0.06338486512168719
0.012456010501031881,0.0013235454078208628,0.011379229118069344,0.1712963902281388,0.8035448247449396
0.000663007741527172,0.15420311886633545,0.7426646449208968,0.08558377691626819,0.016885451554972484
0.0005596699072148672,0.453658552553384,0.5194069666436466,0.025181227449664556,0.0011935834460903253
0.0010932733233787572,0.002806277091748935,0.027266640875076444,0.31136807271076106,0.657465735999035
0.002317745757355869,0.1844603935897528,0.7489708413136528,0.058346035308216436,0.005904984031022114
0.015638031434600384,0.037231450238607355,0.41415466561401754,0.38805940641988024,0.14491644629289444
0.0012421115871632138,0.7940308144591157,0.16067329516937154,0.03257083498843427,0.011482943795914864
0.37331071723984344,0.03211041998469444,0.07934951944544046,0.20780893331183095,0.3074204100181907
0.02905378808995829,0.3702201177213169,0.14811712811208702,0.33752589569713715,0.11508307037950041
0.008119511940090177,0.01141758429474884,0.1860978268993847,0.6453272635546068,0.14903781331116936
0.0026003230510681175,0.0223254003077811,0.5045424448944816,0.4079589397398688,0.06257289200680037
0.009075493891757222,0.06140582071338159,0.3065862900696243,0.32813193796471796,0.29480045736051896
0.004981593857898333,0.43605923253106776,0.4933775006896147,0.06041631531436874,0.005165357607050651
0.002536250781263981,0.6317178475699636,0.31717919818634527,0.045376513698280094,0.0031901897641466647
0.08495285887910603,0.6646274456111545,0.15711842745098678,0.0513182565666137,0.041983011492138955
0.004346880062133533,0.009559661934315303,0.10164889271750568,0.6309065534745351,0.25353801181151053
0.0023993662718531598,0.007434194134290311,0.03325625544084112,0.21535059163868184,0.7415595925143333
0.017215809928912664,0.09062467305645137,0.1266440696833505,0.13579949317649398,0.6297159541547916
0.0021211261246693812,0.00294207366220211,0.2924283132206447,0.6978516941550907,0.004656792837393314
0.0011766367212665359,0.28455110834468006,0.6813624449758532,0.029984571700513843,0.0029252382576861907
0.0023687370131828165,0.0003199835659138561,0.005564535342869891,0.12199611284995585,0.8697506312280773
0.0012599989376283851,0.00026559449894420135,0.01823689115091692,0.5775917180721324,0.4026457973403778
0.008455178574045992,0.16851169773499625,0.7767955113812545,0.0424596204135263,0.0037779918961767045
0.013547896938567625,0.0005609152746315616,0.0085193309258845,0.1010855043909411,0.8762863524699752
0.002668101144774607,0.3006214448790384,0.5998159128754142,0.09092886076700077,0.005965680333771969
0.03498226371724338,0.09595438533046823,0.22495300921308437,0.578934530994808,0.06517581074439613
0.006015363858766355,0.07703486004385411,0.531853064614916,0.2992951378125534,0.08580157366991013
0.009242609486173847,0.009995297590966054,0.1322257291849881,0.6564912455823015,0.19204511815557032
0.0030509609054932365,0.05323429840577004,0.38789789380203565,0.534030178084853,0.021786668801848083
0.017105870794154907,0.02971748875924455,0.09425982933134307,0.5722635174912724,0.2866532936239851
0.00576122280520386,0.5297448661511542,0.38110922616833903,0.06345210486222429,0.019932580013078315
0.0004792418712668463,0.7651122212968962,0.20736674756300844,0.020834731563435693,0.006207057705392838
0.010874962968854622,0.03933731937837729,0.11659558143961034,0.5456425692030916,0.28754956701006607
0.0027718303276482647,0.5250903824001888,0.4177843932397939,0.04816473963584652,0.006188654396522381
0.008133171117768696,0.011119905305370612,0.046806616719062964,0.6553437420902011,0.2785965647675964
0.005980391726876953,0.01857579702796153,0.04547347035033608,0.40704416625310474,0.5229261746417208
0.0020726937802410996,0.3810649898533111,0.5313636494326098,0.06861992899278017,0.016878737941057667
0.008976269078335064,0.6687626284969542,0.23416449790171762,0.06507690463239935,0.023019699890593336
0.0019293476825954555,0.7723437215891251,0.16132366836700093,0.06144683585678767,0.0029564265044908097
0.002576789313148642,0.001108175444181865,0.00289295139609918,0.11872526311159265,0.874696820734978
0.007289367780345731,0.009970167420378736,0.2369717316644803,0.3193050084307184,0.42646372470407695
0.002550730385893525,0.0009094550539227118,0.03120351566739397,0.34246573585090634,0.6228705630418834
0.005212079890017254,0.33035612833475825,0.5863960007068206,0.06712591321050665,0.010909877857897246
0.014091863780678423,0.005440425603429852,0.054746522678533575,0.7232036395411047,0.20251754839625333
0.005848264073410513,0.002731361475534026,0.025696843534050735,0.21185439493499716,0.7538691359820081
0.00706656380105373,0.13120252212759306,0.5853427978220287,0.19884292944021417,0.07754518680911018
0.016057484550723672,0.00933538201595769,0.062022982989990254,0.26404376304929394,0.6485403873940344
0.022744778116546457,0.05475969016255176,0.352313650973206,0.48472935440364034,0.08545252634405584
0.003154410511782976,0.8981684978392894,0.07159341626237987,0.020032966727455935,0.007050708659091647
0.00954017299394178,0.006696014720083019,0.025595237936445296,0.2554187762351296,0.7027497981144004
0.003753446827365301,0.15880721863117306,0.6522589349140532,0.180167157368844,0.005013242258564429
0.0017531288525551583,0.0015783759061069758,0.040233509945700796,0.724893157445889,0.23154182784974828
0.0018341705263959908,0.6942270351937734,0.2821731346226994,0.021023473959900996,0.0007421856972304415
0.005973434413221875,0.21150090637540622,0.6943704377214354,0.07884200775639097,0.009313213733545305
0.0007279189327005191,0.0007617591061221997,0.013439119022555068,0.1297342493271525,0.8553369536114697
0.012605354717669775,0.5481255064042534,0.20671700140442414,0.21576274343514432,0.016789394038508203
0.0006566400759084416,0.019344463252441428,0.36229079375325723,0.5224893035171703,0.09521879940122246
0.0019483866592638014,0.1640718212617909,0.7128515823950358,0.09527466824870381,0.025853541435205865
0.002547927871424019,0.7356997063830186,0.221326037330157,0.03247925970335449,0.007947068712046023
0.0054499441182426145,0.09278237832871888,0.3561984041896594,0.3003750906658798,0.24519418269749924
0.00236498457318702,0.00023681854405735778,0.009122087140153504,0.3332615024660395,0.6550146072765628
0.00413949276111626,0.5328220658440876,0.3885047983830532,0.07213443924836455,0.0023992037633786194
0.006412362614209246,0.0008194380257808533,0.05128989720893468,0.683384048177125,0.2580942539739506
0.003639428018547499,0.033380593222664935,0.10071247029395007,0.6765261668300273,0.18574134163481007
0.011316609276110737,0.007538897557827746,0.059968708894847164,0.46661263798662994,0.45456314628458444
0.0021786758190483826,0.0010540962023900006,0.013663697922353417,0.127457833040211,0.8556456970159975
0.001264485803764035,0.8140647449585561,0.16691245224471504,0.01258780313477505,0.0051705138581896555
0.0017871503569162849,0.0063746707782222104,0.0364211447765547,0.28918230034938486,0.666234733738922
0.0007863468305210971,0.00030610305118422435,0.0021345787464262154,0.06771868595985749,0.9290542854120111
0.0032914792290562682,0.7732138075457178,0.18665622510931273,0.026486876645551008,0.010351611470362215
0.017788927713114557,0.08876751481457722,0.590838207109784,0.24720262425939687,0.05540272610312738
0.0005845960164125269,0.26756619259070163,0.6352695454376861,0.0761659739305973,0.020413692024602637
0.0030533813474984324,0.14149433395786115,0.6855582614274145,0.1518063068016167,0.01808771646560909
0.005479004530195686,0.0013116265466785616,0.01676197598480163,0.2224096133884841,0.7540377795498402
0.03218937039419885,0.049741262415219506,0.14728419327756098,0.5036958034237536,0.2670893704892668
0.0016500125211293167,0.20555472271355904,0.7301485851007944,0.05988678578886218,0.002759893875655104
0.03009049753660116,0.44025850331289335,0.38592545294003094,0.1104195134500966,0.03330603276037767
0.003520129244366587,0.022781831918066403,0.1504155911640818,0.6829549320007682,0.14032751567271715
0.023144281920829173,0.038224037286020404,0.6369169498593632,0.24796861757098507,0.05374611336280216
0.0007144743586620302,0.8865840928039972,0.1050498629209164,0.0064546250201171045,0.0011969448963071875
0.0004678065898152639,0.0003265432972726716,0.0006954886586303047,0.029262245066219515,0.9692479163880624
0.008393205461899034,0.12628647907062723,0.7293656529161043,0.1250118973077433,0.010942765243626314
0.0004768343269466725,0.9029571935005578,0.09363210349536881,0.0021087681804909763,0.000825100496635548
0.011135261697319883,0.39669251099839464,0.209397322419041,0.20174079042061938,0.18103411446462514
0.01424304923329538,0.007164994269707326,0.028248773755570576,0.13197062031186485,0.818372562429562
0.010747192985722112,0.001199384563414713,0.011646384197149792,0.4909358653817696,0.48547117287194375
0.03248286740471411,0.051141444926733136,0.0797500083339562,0.49731503894490764,0.33931064038968883
0.003430547920748075,0.6875559647752095,0.22999862697270282,0.05294180259613626,0.026073057735203256
0.002021133673489357,0.0004145923537947157,0.014749461842074377,0.7018370234669067,0.28097778866373513
0.001294016685850856,0.0009204725849074872,0.04071596177528623,0.7513148168362973,0.20575473211765816
0.0040916217869066554,0.02772154616710559,0.3879880952817995,0.5080282799477623,0.07217045681642588
0.0035513291079058997,0.004773688176691598,0.013879755583972735,0.19496946834596038,0.7828257587854694
0.009622229879729074,0.011495148204538681,0.05513265267988812,0.4301000822929492,0.49364988694289486
0.006525218120120986,0.04915368239197951,0.12446116975989362,0.6606097857654751,0.15925014396253098
0.006407903866647795,0.053385636860762586,0.15826830627193203,0.7162774603996249,0.0656606926010328
0.006099010511842408,0.0013055237914147229,0.024964701252501276,0.49444315489736373,0.4731876095468784
0.0026232662128414033,0.0498591311465906,0.14681658580418888,0.6955230311885905,0.10517798564778881
0.0053391040235773015,0.008551927600726749,0.03509958094703595,0.16829899503552417,0.7827103923931361
0.010019950981772371,0.3071812116673299,0.6082498472988888,0.06927266611701291,0.005276323934996056
0.0023481853974744523,0.22332330769597844,0.737873842749873,0.03538365055066187,0.0010710136060119561
0.00044184620327002714,0.9209743173739955,0.07244705180194513,0.005462210163213771,0.0006745744575757925
0.002080299546648241,0.865455798468204,0.12538927406808803,0.005485001011976809,0.0015896269050826829
0.01214932969424288,0.15324510625370194,0.6610876612951185,0.13986255933227756,0.033655343424658736
0.0028245704535529974,0.03280067809744252,0.1486058397273262,0.667556898453931,0.14821201326774733
0.008873416229133234,0.007079755163342797,0.027092363504273558,0.16942154786225685,0.7875329172409936
0.002173297569042748,0.00474249378742214,0.08759685906121009,0.7706561376433604,0.1348312119389649
0.0007609357571396477,0.7154331684253515,0.2712033449568337,0.01168008572974666,0.0009224651309287243
0.0032021790165823643,0.00352537083321919,0.08154756823801157,0.812392920816229,0.09933196109595753
0.0050155590844598325,0.04287379344503233,0.6325703225309285,0.2625814875904097,0.0569588373491698
0.010278246232647696,0.5615150420833468,0.2891222936401502,0.11155833689816982,0.02752608114568558
0.0018744991226700076,0.006456604521033226,0.14361618183164254,0.6837971676174989,0.1642555469071553
0.008837178137432714,0.03206241087497188,0.5838161667371214,0.32788801371052373,0.047396230539950124
0.0017177136858063213,0.08059444619180213,0.6349323292263624,0.2738574998273557,0.008898011068673427
0.00917122201955193,0.011329221080088644,0.04570540101791382,0.492438932422276,0.44135522346016975
0.0013861165981113692,0.7203093584360576,0.24943492607821757,0.026985137543788566,0.0018844613438248302
0.008240759871017135,0.027319433627434643,0.08312524576779891,0.4939826374936803,0.3873319232400693
0.004442703029102805,0.0028429842678613683,0.011383091708864503,0.1725498805626928,0.8087813404314783
0.007617534228057668,0.1032106877360927,0.6560824344598705,0.18949856604503656,0.04359077753094273
0.0058612803388033135,0.032761968770179214,0.21757039416103968,0.647459491898637,0.09634686483134075
0.005137000774925698,0.05830598519942687,0.3827205181570004,0.461975252832364,0.09186124303628322
0.006861226019844476,0.016873886058199138,0.5293277837851414,0.2625757620135047,0.1843613421233103
0.003598910681027339,0.009677454810186859,0.3497402346386079,0.5747233379663976,0.06226006190378029
0.0014450299893751508,0.33675300155674864,0.6431207446477508,0.018036542127442524,0.0006446816786830185
0.0015356552343279322,0.0012433032774145324,0.04802237489795487,0.43124725803122077,0.517951408559082
0.0022913269906301606,0.02597370372067461,0.39211288397829547,0.5494674638357041,0.0301546214746959
0.006838394695575201,0.003120632276518844,0.02928780154021054,0.17060672338539382,0.7901464481023017
0.014235402408865113,0.72887203313905,0.20627488949137063,0.043726102310930014,0.006891572649784399
0.008442410097710495,0.0962440202688517,0.29085098658299163,0.41453722427126805,0.18992535877917793
0.005592118693885483,0.43509048031989217,0.5094192831428679,0.04478234546103152,0.005115772382323333
0.004796963827360071,0.0013149346562621705,0.01838349729323214,0.17156437186581108,0.8039402323573347
0.0038746406010553686,0.04655366140169205,0.2934347823788101,0.6063286518873408,0.04980826373110156
0.001433423475217113,0.10694948817427004,0.7188460788664891,0.1620280979078012,0.010742911576222527
0.001747593492175357,0.024552479906892924,0.6151747659002978,0.32906563844564213,0.029459522254991644
0.0003213317751936495,0.9049019246704245,0.0894950654406986,0.004955489699767629,0.00032618841391560523
0.0009821903500005233,0.000419132642867796,0.009294069535972156,0.22604403032535916,0.7632605771458003
0.009669368945571874,0.015209292566117609,0.44122948199999884,0.4255898665241258,0.10830198996418561
0.027872485748080586,0.6206454163857472,0.23891204439402913,0.08744399870777973,0.025126054764363595
0.003289553815421673,0.8168992107701011,0.1670678861984594,0.010245026951191354,0.0024983222648265304
0.0011599232253739513,0.11623036920597193,0.7308466197503195,0.1498360253690212,0.0019270624493139322
0.0006022611086469949,0.5877119925306455,0.39992057908738093,0.010956716319268,0.0008084509540588262
0.0002632395094634828,0.5319476943337642,0.4451259102533657,0.01968758997598343,0.002975565927423332
0.004234094708986606,0.060625082267805996,0.4540974089577218,0.4136487395049514,0.0673946745605338
0.0019119963408546115,0.00031908700016820715,0.038293594748341146,0.6554470772034692,0.30402824470716694
0.011276130200181145,0.029187109211723232,0.224606634356811,0.23426808910886035,0.5006620371224239
0.0046416197419873895,0.1317280038372601,0.5088725136379506,0.2750854527762139,0.07967241000658787
0.0162391001225853,0.020269665708586456,0.06866801381495345,0.1584643558397585,0.7363588645141166
0.011599561668266492,0.05224574687398783,0.7964676929645522,0.11366945295846125,0.026017545534731738
0.0013543933933617097,0.0017110323879977105,0.022942115901166005,0.2554872397684301,0.7185052185490444
0.0036557131258605127,0.07862713259403664,0.635415441878658,0.2458400929026568,0.03646161949878818
0.0014172799514304722,0.0034443734532423934,0.04751226660080272,0.8577366478697068,0.08988943212481777
0.00802530241902963,0.13471798418163863,0.6533875921417976,0.14987009024919182,0.053999031008342524
0.0011720029041096531,0.002801111529877794,0.01728658609496579,0.30008734885277466,0.6786529506182719
0.02584044093366516,0.18027233572802295,0.5975341248395412,0.13392355380207305,0.06242954469669729
0.0005315940144445352,0.7725284997571715,0.21451104207476437,0.012031398300768277,0.00039746585285126975
0.001503733091141562,0.22730418992941762,0.7090927505982129,0.04550352913366772,0.01659579724756008
0.0008083801146620904,0.0022386372833598355,0.0520885419691516,0.4891865836182364,0.45567785701459024
0.022313602334635533,0.030785584251257863,0.05288332119332811,0.17966499378996476,0.7143524984308139
0.01205258350187064,0.010616335394005184,0.05530033521953881,0.16686809861027885,0.7551626472743066
0.009885528105578556,0.001035087922093955,0.0057964629601731845,0.08153233645596793,0.9017505845561865
0.0004438599223345596,0.9094593703367941,0.0781477544972817,0.009313110810037894,0.002635904433551451
0.006585965298168564,0.004752549267319031,0.0535763573929377,0.20664722541744146,0.7284379026241332
0.004764186818958541,0.2379304919618923,0.7194891154823788,0.03670474669811887,0.0011114590386519425
0.005672841216229463,0.0057378026011976535,0.1696071939266297,0.6421231964263427,0.17685896582960042
0.0018833972816424092,0.0186870001859774,0.4585335477109123,0.48905509070576497,0.03184096411570293
0.011273333383432317,0.09090423575088959,0.49761438126305046,0.3347853790615647,0.06542267054106318
0.001267288828516661,0.4147753925217444,0.5505007408434165,0.03227854747440642,0.0011780303319161723
0.0004033459942995753,0.9311522467063482,0.06469659182940535,0.0018318088343209022,0.0019160066356261349
0.004193416000367821,0.039000153057836565,0.751323567931025,0.18993503036094736,0.015547832649823526
0.007194695617239839,0.17101006854631867,0.42690003877737026,0.3506778064685961,0.044217390590475004
0.0008307145343744289,0.3180279754488205,0.6696465302188968,0.01120851503730971,0.0002862647605982742
0.0013071781695346437,0.001510253784293114,0.021371221180197263,0.18509738200037681,0.7907139648655979
0.004528806841238407,0.04766370441373573,0.2771315404472605,0.5822754943636719,0.08840045393409313
0.011343307290416398,0.8170996107461242,0.1670270089735268,0.003573870267741096,0.0009562027221912965
0.002404657061903125,0.5968065219760555,0.32985171700971827,0.0646316035281825,0.0063055004241402025
0.001142197137205794,0.00019666841554309472,0.004187270640198479,0.14726922489991046,0.8472046389071421
0.0020861037441685833,0.017300570289232316,0.17938294267668545,0.6315893122571989,0.16964107103271459
0.006137881822361488,0.7710062258157623,0.16012927175805733,0.041916740350116395,0.02080988025370236
0.002005752991872873,0.003732980997184134,0.08839618526734373,0.7232158450180413,0.18264923572555827
0.004539240999709206,0.2227414529956358,0.667784463870907,0.09871225300729906,0.006222589126448891
0.0008766515204393929,0.8764170835744581,0.11838614313368312,0.003955179999119339,0.00036494177230023014
0.0015073311727720297,0.4927464360816149,0.4750156926114216,0.02263056474227979,0.008099975391911304
0.5962813658405981,0.039267747475006026,0.18657433100536422,0.143599063890619,0.034277491788412724
0.006493881669316673,0.02824375944909296,0.46683947496729333,0.3671926607290035,0.1312302231852939
6.414676863509563e-05,0.9299475988063357,0.06857048607272732,0.0011902735889313724,0.0002274947633708137
0.006890830736979142,0.5841219188069242,0.33910857064974803,0.05602687773568568,0.01385180207066269
0.036550898583102294,0.027209249323909324,0.10697446466228697,0.15495068444218968,0.6743147029885115
0.01650841200806834,0.3717368031200101,0.33868147207741944,0.22493310768196553,0.04814020511253628
0.006123344712103072,0.0010235706057069294,0.011051097515133007,0.17278810056276137,0.809013886604296
0.0018705066491545384,0.012495908445907507,0.30274615161957724,0.5917966104579476,0.09109082282741282
0.0019089492373418314,0.002293277354898163,0.024165891042819486,0.17109494954111026,0.8005369328238302
0.0007720391486375441,0.40159271332485413,0.5817442966152395,0.015282717798375927,0.00060823311289309
0.006373184644947912,0.1992577491823518,0.51600144130686,0.24332682465028876,0.03504080021555144
0.006676458724700722,0.0024181517788932952,0.043142072563873875,0.22985963907097587,0.7179036778615562
0.0034088426545942773,0.3169463243453406,0.6595364776607203,0.018940613677440446,0.0011677416619043854
0.017660397171341203,0.08986878362167731,0.6905924732957015,0.16552413390508597,0.036354212006194195
0.006812819763772313,0.04192427193983811,0.10257786730118722,0.5476012530967509,0.3010837878984515
0.0035776860343548905,0.0009489274727587934,0.0064500461378744585,0.1784902416363787,0.8105330987186334
0.006304741728463314,0.25689592435616004,0.6858691198813768,0.04705616237477747,0.003874051659222607
0.00468965300615728,0.6372323994314798,0.31756350198025607,0.031084410507186508,0.009430035074920046
0.0015216476793618323,0.024406824568903692,0.27471749419878755,0.5645243191182717,0.13482971443467542
0.0027947754688084727,0.001235164131711345,0.0068640768372585596,0.1737143661608641,0.8153916174013576
0.00765503113435939,0.00970408457400008,0.08582501600335113,0.7215846147966037,0.17523125349168567
0.004650014688041328,0.2057304936583191,0.6306530520535419,0.14056192690266803,0.018404512697429855
0.0009548227844969931,0.005183950710039955,0.1696455628060906,0.5931103872051431,0.23110527649422954
0.0008797898796611513,0.0010507280404675656,0.014596074643695462,0.39250389591524837,0.5909695115209272
0.0029836394525264587,0.7856959059737687,0.16472520205213476,0.03918403945577078,0.007411213065799004
0.000872896530106548,9.476420983167436e-05,0.00256331098878035,0.17484761487474185,0.8216214133965398
0.0026574102064939715,0.040734828803883474,0.39689727380458867,0.5106609102521258,0.04904957693290817
0.04461449106061621,0.23063667750579125,0.6551265790954899,0.06628999628965442,0.0033322560484480624
0.0015809151624056421,0.8070488930146579,0.1661591209735787,0.022788180214871924,0.00242289063448578
0.0015932165033656917,0.002861490241857267,0.06883982238086717,0.4040163536342291,0.522689117239681
0.00021553281793833392,0.26608335044205605,0.6967350040910201,0.03580613068946088,0.0011599819595246713
